[
	-1,0.01,-1,0,0,1,0.5,0.5,0.5,0.5,0.5,
	1,0.01,-1,0,0,1,0.5,0.5,0.5,0.5,1,
	-1,0.010471285480508996,-0.98,0,0,1,0.5,0.5,0.5,0.5,0.5,
	1,0.01,-1,0,0,1,0.5,0.5,0.5,0.5,1,
	-1,0.010471285480508996,-0.98,0,0,1,0.5,0.5,0.5,0.5,0.5,
	1,0.010471285480508996,-0.98,0,0,1,0.5,0.5,0.5,0.5,1,
	-1,0.010471285480508996,-0.98,0,0,1,0.5,0.5,0.5,0.5,0.5,
	1,0.010471285480508996,-0.98,0,0,1,0.5,0.5,0.5,0.5,1,
	-1,0.01096478196143185,-0.96,0,0,1,0.5,0.5,0.5,0.5,0.5,
	1,0.010471285480508996,-0.98,0,0,1,0.5,0.5,0.5,0.5,1,
	-1,0.01096478196143185,-0.96,0,0,1,0.5,0.5,0.5,0.5,0.5,
	1,0.01096478196143185,-0.96,0,0,1,0.5,0.5,0.5,0.5,1,
	-1,0.01096478196143185,-0.96,0,0,1,0.5,0.5,0.5,0.5,0.5,
	1,0.01096478196143185,-0.96,0,0,1,0.5,0.5,0.5,0.5,1,
	-1,0.011481536214968828,-0.94,0,0,1,0.5,0.5,0.5,0.5,0.5,
	1,0.01096478196143185,-0.96,0,0,1,0.5,0.5,0.5,0.5,1,
	-1,0.011481536214968828,-0.94,0,0,1,0.5,0.5,0.5,0.5,0.5,
	1,0.011481536214968828,-0.94,0,0,1,0.5,0.5,0.5,0.5,1,
	-1,0.011481536214968828,-0.94,0,0,1,0.5,0.5,0.5,0.5,0.5,
	1,0.011481536214968828,-0.94,0,0,1,0.5,0.5,0.5,0.5,1,
	-1,0.01202264434617413,-0.92,0,0,1,0.5,0.5,0.5,0.5,0.5,
	1,0.011481536214968828,-0.94,0,0,1,0.5,0.5,0.5,0.5,1,
	-1,0.01202264434617413,-0.92,0,0,1,0.5,0.5,0.5,0.5,0.5,
	1,0.01202264434617413,-0.92,0,0,1,0.5,0.5,0.5,0.5,1,
	-1,0.01202264434617413,-0.92,0,0,1,0.5,0.5,0.5,0.5,0.5,
	1,0.01202264434617413,-0.92,0,0,1,0.5,0.5,0.5,0.5,1,
	-1,0.012589254117941675,-0.9,0,0,1,0.5,0.5,0.5,0.5,0.5,
	1,0.01202264434617413,-0.92,0,0,1,0.5,0.5,0.5,0.5,1,
	-1,0.012589254117941675,-0.9,0,0,1,0.5,0.5,0.5,0.5,0.5,
	1,0.012589254117941675,-0.9,0,0,1,0.5,0.5,0.5,0.5,1,
	-1,0.012589254117941675,-0.9,0,0,1,0.5,0.5,0.5,0.5,0.5,
	1,0.012589254117941675,-0.9,0,0,1,0.5,0.5,0.5,0.5,1,
	-1,0.013182567385564075,-0.88,0,0,1,0.5,0.5,0.5,0.5,0.5,
	1,0.012589254117941675,-0.9,0,0,1,0.5,0.5,0.5,0.5,1,
	-1,0.013182567385564075,-0.88,0,0,1,0.5,0.5,0.5,0.5,0.5,
	1,0.013182567385564075,-0.88,0,0,1,0.5,0.5,0.5,0.5,1,
	-1,0.013182567385564075,-0.88,0,0,1,0.5,0.5,0.5,0.5,0.5,
	1,0.013182567385564075,-0.88,0,0,1,0.5,0.5,0.5,0.5,1,
	-1,0.013803842646028852,-0.86,0,0,1,0.5,0.5,0.5,0.5,0.5,
	1,0.013182567385564075,-0.88,0,0,1,0.5,0.5,0.5,0.5,1,
	-1,0.013803842646028852,-0.86,0,0,1,0.5,0.5,0.5,0.5,0.5,
	1,0.013803842646028852,-0.86,0,0,1,0.5,0.5,0.5,0.5,1,
	-1,0.013803842646028852,-0.86,0,0,1,0.5,0.5,0.5,0.5,0.5,
	1,0.013803842646028852,-0.86,0,0,1,0.5,0.5,0.5,0.5,1,
	-1,0.01445439770745928,-0.84,0,0,1,0.5,0.5,0.5,0.5,0.5,
	1,0.013803842646028852,-0.86,0,0,1,0.5,0.5,0.5,0.5,1,
	-1,0.01445439770745928,-0.84,0,0,1,0.5,0.5,0.5,0.5,0.5,
	1,0.01445439770745928,-0.84,0,0,1,0.5,0.5,0.5,0.5,1,
	-1,0.01445439770745928,-0.84,0,0,1,0.5,0.5,0.5,0.5,0.5,
	1,0.01445439770745928,-0.84,0,0,1,0.5,0.5,0.5,0.5,1,
	-1,0.01513561248436208,-0.8200000000000001,0,0,1,0.5,0.5,0.5,0.5,0.5,
	1,0.01445439770745928,-0.84,0,0,1,0.5,0.5,0.5,0.5,1,
	-1,0.01513561248436208,-0.8200000000000001,0,0,1,0.5,0.5,0.5,0.5,0.5,
	1,0.01513561248436208,-0.8200000000000001,0,0,1,0.5,0.5,0.5,0.5,1,
	-1,0.01513561248436208,-0.8200000000000001,0,0,1,0.5,0.5,0.5,0.5,0.5,
	1,0.01513561248436208,-0.8200000000000001,0,0,1,0.5,0.5,0.5,0.5,1,
	-1,0.015848931924611134,-0.8,0,0,1,0.5,0.5,0.5,0.5,0.5,
	1,0.01513561248436208,-0.8200000000000001,0,0,1,0.5,0.5,0.5,0.5,1,
	-1,0.015848931924611134,-0.8,0,0,1,0.5,0.5,0.5,0.5,0.5,
	1,0.015848931924611134,-0.8,0,0,1,0.5,0.5,0.5,0.5,1,
	-1,0.015848931924611134,-0.8,0,0,1,0.5,0.5,0.5,0.5,0.5,
	1,0.015848931924611134,-0.8,0,0,1,0.5,0.5,0.5,0.5,1,
	-1,0.016595869074375606,-0.78,0,0,1,0.5,0.5,0.5,0.5,0.5,
	1,0.015848931924611134,-0.8,0,0,1,0.5,0.5,0.5,0.5,1,
	-1,0.016595869074375606,-0.78,0,0,1,0.5,0.5,0.5,0.5,0.5,
	1,0.016595869074375606,-0.78,0,0,1,0.5,0.5,0.5,0.5,1,
	-1,0.016595869074375606,-0.78,0,0,1,0.5,0.5,0.5,0.5,0.5,
	1,0.016595869074375606,-0.78,0,0,1,0.5,0.5,0.5,0.5,1,
	-1,0.017378008287493755,-0.76,0,0,1,0.5,0.5,0.5,0.5,0.5,
	1,0.016595869074375606,-0.78,0,0,1,0.5,0.5,0.5,0.5,1,
	-1,0.017378008287493755,-0.76,0,0,1,0.5,0.5,0.5,0.5,0.5,
	1,0.017378008287493755,-0.76,0,0,1,0.5,0.5,0.5,0.5,1,
	-1,0.017378008287493755,-0.76,0,0,1,0.5,0.5,0.5,0.5,0.5,
	1,0.017378008287493755,-0.76,0,0,1,0.5,0.5,0.5,0.5,1,
	-1,0.018197008586099836,-0.74,0,0,1,0.5,0.5,0.5,0.5,0.5,
	1,0.017378008287493755,-0.76,0,0,1,0.5,0.5,0.5,0.5,1,
	-1,0.018197008586099836,-0.74,0,0,1,0.5,0.5,0.5,0.5,0.5,
	1,0.018197008586099836,-0.74,0,0,1,0.5,0.5,0.5,0.5,1,
	-1,0.018197008586099836,-0.74,0,0,1,0.5,0.5,0.5,0.5,0.5,
	1,0.018197008586099836,-0.74,0,0,1,0.5,0.5,0.5,0.5,1,
	-1,0.019054607179632473,-0.72,0,0,1,0.5,0.5,0.5,0.5,0.5,
	1,0.018197008586099836,-0.74,0,0,1,0.5,0.5,0.5,0.5,1,
	-1,0.019054607179632473,-0.72,0,0,1,0.5,0.5,0.5,0.5,0.5,
	1,0.019054607179632473,-0.72,0,0,1,0.5,0.5,0.5,0.5,1,
	-1,0.019054607179632473,-0.72,0,0,1,0.5,0.5,0.5,0.5,0.5,
	1,0.019054607179632473,-0.72,0,0,1,0.5,0.5,0.5,0.5,1,
	-1,0.0199526231496888,-0.7,0,0,1,0.5,0.5,0.5,0.5,0.5,
	1,0.019054607179632473,-0.72,0,0,1,0.5,0.5,0.5,0.5,1,
	-1,0.0199526231496888,-0.7,0,0,1,0.5,0.5,0.5,0.5,0.5,
	1,0.0199526231496888,-0.7,0,0,1,0.5,0.5,0.5,0.5,1,
	-1,0.0199526231496888,-0.7,0,0,1,0.5,0.5,0.5,0.5,0.5,
	1,0.0199526231496888,-0.7,0,0,1,0.5,0.5,0.5,0.5,1,
	-1,0.020892961308540396,-0.6799999999999999,0,0,1,0.5,0.5,0.5,0.5,0.5,
	1,0.0199526231496888,-0.7,0,0,1,0.5,0.5,0.5,0.5,1,
	-1,0.020892961308540396,-0.6799999999999999,0,0,1,0.5,0.5,0.5,0.5,0.5,
	1,0.020892961308540396,-0.6799999999999999,0,0,1,0.5,0.5,0.5,0.5,1,
	-1,0.020892961308540396,-0.6799999999999999,0,0,1,0.5,0.5,0.5,0.5,0.5,
	1,0.020892961308540396,-0.6799999999999999,0,0,1,0.5,0.5,0.5,0.5,1,
	-1,0.02187761623949553,-0.6599999999999999,0,0,1,0.5,0.5,0.5,0.5,0.5,
	1,0.020892961308540396,-0.6799999999999999,0,0,1,0.5,0.5,0.5,0.5,1,
	-1,0.02187761623949553,-0.6599999999999999,0,0,1,0.5,0.5,0.5,0.5,0.5,
	1,0.02187761623949553,-0.6599999999999999,0,0,1,0.5,0.5,0.5,0.5,1,
	-1,0.02187761623949553,-0.6599999999999999,0,0,1,0.5,0.5,0.5,0.5,0.5,
	1,0.02187761623949553,-0.6599999999999999,0,0,1,0.5,0.5,0.5,0.5,1,
	-1,0.022908676527677724,-0.64,0,0,1,0.5,0.5,0.5,0.5,0.5,
	1,0.02187761623949553,-0.6599999999999999,0,0,1,0.5,0.5,0.5,0.5,1,
	-1,0.022908676527677724,-0.64,0,0,1,0.5,0.5,0.5,0.5,0.5,
	1,0.022908676527677724,-0.64,0,0,1,0.5,0.5,0.5,0.5,1,
	-1,0.022908676527677724,-0.64,0,0,1,0.5,0.5,0.5,0.5,0.5,
	1,0.022908676527677724,-0.64,0,0,1,0.5,0.5,0.5,0.5,1,
	-1,0.023988329190194897,-0.62,0,0,1,0.5,0.5,0.5,0.5,0.5,
	1,0.022908676527677724,-0.64,0,0,1,0.5,0.5,0.5,0.5,1,
	-1,0.023988329190194897,-0.62,0,0,1,0.5,0.5,0.5,0.5,0.5,
	1,0.023988329190194897,-0.62,0,0,1,0.5,0.5,0.5,0.5,1,
	-1,0.023988329190194897,-0.62,0,0,1,0.5,0.5,0.5,0.5,0.5,
	1,0.023988329190194897,-0.62,0,0,1,0.5,0.5,0.5,0.5,1,
	-1,0.025118864315095794,-0.6,0,0,1,0.5,0.5,0.5,0.5,0.5,
	1,0.023988329190194897,-0.62,0,0,1,0.5,0.5,0.5,0.5,1,
	-1,0.025118864315095794,-0.6,0,0,1,0.5,0.5,0.5,0.5,0.5,
	1,0.025118864315095794,-0.6,0,0,1,0.5,0.5,0.5,0.5,1,
	-1,0.025118864315095794,-0.6,0,0,1,0.5,0.5,0.5,0.5,0.5,
	1,0.025118864315095794,-0.6,0,0,1,0.5,0.5,0.5,0.5,1,
	-1,0.026302679918953815,-0.5800000000000001,0,0,1,0.5,0.5,0.5,0.5,0.5,
	1,0.025118864315095794,-0.6,0,0,1,0.5,0.5,0.5,0.5,1,
	-1,0.026302679918953815,-0.5800000000000001,0,0,1,0.5,0.5,0.5,0.5,0.5,
	1,0.026302679918953815,-0.5800000000000001,0,0,1,0.5,0.5,0.5,0.5,1,
	-1,0.026302679918953815,-0.5800000000000001,0,0,1,0.5,0.5,0.5,0.5,0.5,
	1,0.026302679918953815,-0.5800000000000001,0,0,1,0.5,0.5,0.5,0.5,1,
	-1,0.02754228703338166,-0.56,0,0,1,0.5,0.5,0.5,0.5,0.5,
	1,0.026302679918953815,-0.5800000000000001,0,0,1,0.5,0.5,0.5,0.5,1,
	-1,0.02754228703338166,-0.56,0,0,1,0.5,0.5,0.5,0.5,0.5,
	1,0.02754228703338166,-0.56,0,0,1,0.5,0.5,0.5,0.5,1,
	-1,0.02754228703338166,-0.56,0,0,1,0.5,0.5,0.5,0.5,0.5,
	1,0.02754228703338166,-0.56,0,0,1,0.5,0.5,0.5,0.5,1,
	-1,0.028840315031266057,-0.54,0,0,1,0.5,0.5,0.5,0.5,0.5,
	1,0.02754228703338166,-0.56,0,0,1,0.5,0.5,0.5,0.5,1,
	-1,0.028840315031266057,-0.54,0,0,1,0.5,0.5,0.5,0.5,0.5,
	1,0.028840315031266057,-0.54,0,0,1,0.5,0.5,0.5,0.5,1,
	-1,0.028840315031266057,-0.54,0,0,1,0.5,0.5,0.5,0.5,0.5,
	1,0.028840315031266057,-0.54,0,0,1,0.5,0.5,0.5,0.5,1,
	-1,0.03019951720402016,-0.52,0,0,1,0.5,0.5,0.5,0.5,0.5,
	1,0.028840315031266057,-0.54,0,0,1,0.5,0.5,0.5,0.5,1,
	-1,0.03019951720402016,-0.52,0,0,1,0.5,0.5,0.5,0.5,0.5,
	1,0.03019951720402016,-0.52,0,0,1,0.5,0.5,0.5,0.5,1,
	-1,0.03019951720402016,-0.52,0,0,1,0.5,0.5,0.5,0.5,0.5,
	1,0.03019951720402016,-0.52,0,0,1,0.5,0.5,0.5,0.5,1,
	-1,0.03162277660168379,-0.5,0,0,1,0.5,0.5,0.5,0.5,0.5,
	1,0.03019951720402016,-0.52,0,0,1,0.5,0.5,0.5,0.5,1,
	-1,0.03162277660168379,-0.5,0,0,1,0.5,0.5,0.5,0.5,0.5,
	1,0.03162277660168379,-0.5,0,0,1,0.5,0.5,0.5,0.5,1,
	-1,0.03162277660168379,-0.5,0,0,1,0.5,0.5,0.5,0.5,0.5,
	1,0.03162277660168379,-0.5,0,0,1,0.5,0.5,0.5,0.5,1,
	-1,0.03311311214825911,-0.48,0,0,1,0.5,0.5,0.5,0.5,0.5,
	1,0.03162277660168379,-0.5,0,0,1,0.5,0.5,0.5,0.5,1,
	-1,0.03311311214825911,-0.48,0,0,1,0.5,0.5,0.5,0.5,0.5,
	1,0.03311311214825911,-0.48,0,0,1,0.5,0.5,0.5,0.5,1,
	-1,0.03311311214825911,-0.48,0,0,1,0.5,0.5,0.5,0.5,0.5,
	1,0.03311311214825911,-0.48,0,0,1,0.5,0.5,0.5,0.5,1,
	-1,0.034673685045253165,-0.45999999999999996,0,0,1,0.5,0.5,0.5,0.5,0.5,
	1,0.03311311214825911,-0.48,0,0,1,0.5,0.5,0.5,0.5,1,
	-1,0.034673685045253165,-0.45999999999999996,0,0,1,0.5,0.5,0.5,0.5,0.5,
	1,0.034673685045253165,-0.45999999999999996,0,0,1,0.5,0.5,0.5,0.5,1,
	-1,0.034673685045253165,-0.45999999999999996,0,0,1,0.5,0.5,0.5,0.5,0.5,
	1,0.034673685045253165,-0.45999999999999996,0,0,1,0.5,0.5,0.5,0.5,1,
	-1,0.03630780547701014,-0.43999999999999995,0,0,1,0.5,0.5,0.5,0.5,0.5,
	1,0.034673685045253165,-0.45999999999999996,0,0,1,0.5,0.5,0.5,0.5,1,
	-1,0.03630780547701014,-0.43999999999999995,0,0,1,0.5,0.5,0.5,0.5,0.5,
	1,0.03630780547701014,-0.43999999999999995,0,0,1,0.5,0.5,0.5,0.5,1,
	-1,0.03630780547701014,-0.43999999999999995,0,0,1,0.5,0.5,0.5,0.5,0.5,
	1,0.03630780547701014,-0.43999999999999995,0,0,1,0.5,0.5,0.5,0.5,1,
	-1,0.038018939632056124,-0.42000000000000004,0,0,1,0.5,0.5,0.5,0.5,0.5,
	1,0.03630780547701014,-0.43999999999999995,0,0,1,0.5,0.5,0.5,0.5,1,
	-1,0.038018939632056124,-0.42000000000000004,0,0,1,0.5,0.5,0.5,0.5,0.5,
	1,0.038018939632056124,-0.42000000000000004,0,0,1,0.5,0.5,0.5,0.5,1,
	-1,0.038018939632056124,-0.42000000000000004,0,0,1,0.5,0.5,0.5,0.5,0.5,
	1,0.038018939632056124,-0.42000000000000004,0,0,1,0.5,0.5,0.5,0.5,1,
	-1,0.039810717055349734,-0.4,0,0,1,0.5,0.5,0.5,0.5,0.5,
	1,0.038018939632056124,-0.42000000000000004,0,0,1,0.5,0.5,0.5,0.5,1,
	-1,0.039810717055349734,-0.4,0,0,1,0.5,0.5,0.5,0.5,0.5,
	1,0.039810717055349734,-0.4,0,0,1,0.5,0.5,0.5,0.5,1,
	-1,0.039810717055349734,-0.4,0,0,1,0.5,0.5,0.5,0.5,0.5,
	1,0.039810717055349734,-0.4,0,0,1,0.5,0.5,0.5,0.5,1,
	-1,0.04168693834703355,-0.38,0,0,1,0.5,0.5,0.5,0.5,0.5,
	1,0.039810717055349734,-0.4,0,0,1,0.5,0.5,0.5,0.5,1,
	-1,0.04168693834703355,-0.38,0,0,1,0.5,0.5,0.5,0.5,0.5,
	1,0.04168693834703355,-0.38,0,0,1,0.5,0.5,0.5,0.5,1,
	-1,0.04168693834703355,-0.38,0,0,1,0.5,0.5,0.5,0.5,0.5,
	1,0.04168693834703355,-0.38,0,0,1,0.5,0.5,0.5,0.5,1,
	-1,0.043651583224016605,-0.36,0,0,1,0.5,0.5,0.5,0.5,0.5,
	1,0.04168693834703355,-0.38,0,0,1,0.5,0.5,0.5,0.5,1,
	-1,0.043651583224016605,-0.36,0,0,1,0.5,0.5,0.5,0.5,0.5,
	1,0.043651583224016605,-0.36,0,0,1,0.5,0.5,0.5,0.5,1,
	-1,0.043651583224016605,-0.36,0,0,1,0.5,0.5,0.5,0.5,0.5,
	1,0.043651583224016605,-0.36,0,0,1,0.5,0.5,0.5,0.5,1,
	-1,0.04570881896148752,-0.33999999999999997,0,0,1,0.5,0.5,0.5,0.5,0.5,
	1,0.043651583224016605,-0.36,0,0,1,0.5,0.5,0.5,0.5,1,
	-1,0.04570881896148752,-0.33999999999999997,0,0,1,0.5,0.5,0.5,0.5,0.5,
	1,0.04570881896148752,-0.33999999999999997,0,0,1,0.5,0.5,0.5,0.5,1,
	-1,0.04570881896148752,-0.33999999999999997,0,0,1,0.5,0.5,0.5,0.5,0.5,
	1,0.04570881896148752,-0.33999999999999997,0,0,1,0.5,0.5,0.5,0.5,1,
	-1,0.04786300923226385,-0.31999999999999995,0,0,1,0.5,0.5,0.5,0.5,0.5,
	1,0.04570881896148752,-0.33999999999999997,0,0,1,0.5,0.5,0.5,0.5,1,
	-1,0.04786300923226385,-0.31999999999999995,0,0,1,0.5,0.5,0.5,0.5,0.5,
	1,0.04786300923226385,-0.31999999999999995,0,0,1,0.5,0.5,0.5,0.5,1,
	-1,0.04786300923226385,-0.31999999999999995,0,0,1,0.5,0.5,0.5,0.5,0.5,
	1,0.04786300923226385,-0.31999999999999995,0,0,1,0.5,0.5,0.5,0.5,1,
	-1,0.05011872336272725,-0.29999999999999993,0,0,1,0.5,0.5,0.5,0.5,0.5,
	1,0.04786300923226385,-0.31999999999999995,0,0,1,0.5,0.5,0.5,0.5,1,
	-1,0.05011872336272725,-0.29999999999999993,0,0,1,0.5,0.5,0.5,0.5,0.5,
	1,0.05011872336272725,-0.29999999999999993,0,0,1,0.5,0.5,0.5,0.5,1,
	-1,0.05011872336272725,-0.29999999999999993,0,0,1,0.5,0.5,0.5,0.5,0.5,
	1,0.05011872336272725,-0.29999999999999993,0,0,1,0.5,0.5,0.5,0.5,1,
	-1,0.05248074602497726,-0.28,0,0,1,0.5,0.5,0.5,0.5,0.5,
	1,0.05011872336272725,-0.29999999999999993,0,0,1,0.5,0.5,0.5,0.5,1,
	-1,0.05248074602497726,-0.28,0,0,1,0.5,0.5,0.5,0.5,0.5,
	1,0.05248074602497726,-0.28,0,0,1,0.5,0.5,0.5,0.5,1,
	-1,0.05248074602497726,-0.28,0,0,1,0.5,0.5,0.5,0.5,0.5,
	1,0.05248074602497726,-0.28,0,0,1,0.5,0.5,0.5,0.5,1,
	-1,0.054954087385762455,-0.26,0,0,1,0.5,0.5,0.5,0.5,0.5,
	1,0.05248074602497726,-0.28,0,0,1,0.5,0.5,0.5,0.5,1,
	-1,0.054954087385762455,-0.26,0,0,1,0.5,0.5,0.5,0.5,0.5,
	1,0.054954087385762455,-0.26,0,0,1,0.5,0.5,0.5,0.5,1,
	-1,0.054954087385762455,-0.26,0,0,1,0.5,0.5,0.5,0.5,0.5,
	1,0.054954087385762455,-0.26,0,0,1,0.5,0.5,0.5,0.5,1,
	-1,0.057543993733715694,-0.24,0,0,1,0.5,0.5,0.5,0.5,0.5,
	1,0.054954087385762455,-0.26,0,0,1,0.5,0.5,0.5,0.5,1,
	-1,0.057543993733715694,-0.24,0,0,1,0.5,0.5,0.5,0.5,0.5,
	1,0.057543993733715694,-0.24,0,0,1,0.5,0.5,0.5,0.5,1,
	-1,0.057543993733715694,-0.24,0,0,1,0.5,0.5,0.5,0.5,0.5,
	1,0.057543993733715694,-0.24,0,0,1,0.5,0.5,0.5,0.5,1,
	-1,0.06025595860743578,-0.21999999999999997,0,0,1,0.5,0.5,0.5,0.5,0.5,
	1,0.057543993733715694,-0.24,0,0,1,0.5,0.5,0.5,0.5,1,
	-1,0.06025595860743578,-0.21999999999999997,0,0,1,0.5,0.5,0.5,0.5,0.5,
	1,0.06025595860743578,-0.21999999999999997,0,0,1,0.5,0.5,0.5,0.5,1,
	-1,0.06025595860743578,-0.21999999999999997,0,0,1,0.5,0.5,0.5,0.5,0.5,
	1,0.06025595860743578,-0.21999999999999997,0,0,1,0.5,0.5,0.5,0.5,1,
	-1,0.06309573444801933,-0.19999999999999996,0,0,1,0.5,0.5,0.5,0.5,0.5,
	1,0.06025595860743578,-0.21999999999999997,0,0,1,0.5,0.5,0.5,0.5,1,
	-1,0.06309573444801933,-0.19999999999999996,0,0,1,0.5,0.5,0.5,0.5,0.5,
	1,0.06309573444801933,-0.19999999999999996,0,0,1,0.5,0.5,0.5,0.5,1,
	-1,0.06309573444801933,-0.19999999999999996,0,0,1,0.5,0.5,0.5,0.5,0.5,
	1,0.06309573444801933,-0.19999999999999996,0,0,1,0.5,0.5,0.5,0.5,1,
	-1,0.06606934480075961,-0.17999999999999994,0,0,1,0.5,0.5,0.5,0.5,0.5,
	1,0.06309573444801933,-0.19999999999999996,0,0,1,0.5,0.5,0.5,0.5,1,
	-1,0.06606934480075961,-0.17999999999999994,0,0,1,0.5,0.5,0.5,0.5,0.5,
	1,0.06606934480075961,-0.17999999999999994,0,0,1,0.5,0.5,0.5,0.5,1,
	-1,0.06606934480075961,-0.17999999999999994,0,0,1,0.5,0.5,0.5,0.5,0.5,
	1,0.06606934480075961,-0.17999999999999994,0,0,1,0.5,0.5,0.5,0.5,1,
	-1,0.06918309709189363,-0.16000000000000003,0,0,1,0.5,0.5,0.5,0.5,0.5,
	1,0.06606934480075961,-0.17999999999999994,0,0,1,0.5,0.5,0.5,0.5,1,
	-1,0.06918309709189363,-0.16000000000000003,0,0,1,0.5,0.5,0.5,0.5,0.5,
	1,0.06918309709189363,-0.16000000000000003,0,0,1,0.5,0.5,0.5,0.5,1,
	-1,0.06918309709189363,-0.16000000000000003,0,0,1,0.5,0.5,0.5,0.5,0.5,
	1,0.06918309709189363,-0.16000000000000003,0,0,1,0.5,0.5,0.5,0.5,1,
	-1,0.07244359600749899,-0.14,0,0,1,0.5,0.5,0.5,0.5,0.5,
	1,0.06918309709189363,-0.16000000000000003,0,0,1,0.5,0.5,0.5,0.5,1,
	-1,0.07244359600749899,-0.14,0,0,1,0.5,0.5,0.5,0.5,0.5,
	1,0.07244359600749899,-0.14,0,0,1,0.5,0.5,0.5,0.5,1,
	-1,0.07244359600749899,-0.14,0,0,1,0.5,0.5,0.5,0.5,0.5,
	1,0.07244359600749899,-0.14,0,0,1,0.5,0.5,0.5,0.5,1,
	-1,0.07585775750291836,-0.12,0,0,1,0.5,0.5,0.5,0.5,0.5,
	1,0.07244359600749899,-0.14,0,0,1,0.5,0.5,0.5,0.5,1,
	-1,0.07585775750291836,-0.12,0,0,1,0.5,0.5,0.5,0.5,0.5,
	1,0.07585775750291836,-0.12,0,0,1,0.5,0.5,0.5,0.5,1,
	-1,0.07585775750291836,-0.12,0,0,1,0.5,0.5,0.5,0.5,0.5,
	1,0.07585775750291836,-0.12,0,0,1,0.5,0.5,0.5,0.5,1,
	-1,0.07943282347242814,-0.09999999999999998,0,0,1,0.5,0.5,0.5,0.5,0.5,
	1,0.07585775750291836,-0.12,0,0,1,0.5,0.5,0.5,0.5,1,
	-1,0.07943282347242814,-0.09999999999999998,0,0,1,0.5,0.5,0.5,0.5,0.5,
	1,0.07943282347242814,-0.09999999999999998,0,0,1,0.5,0.5,0.5,0.5,1,
	-1,0.07943282347242814,-0.09999999999999998,0,0,1,0.5,0.5,0.5,0.5,0.5,
	1,0.07943282347242814,-0.09999999999999998,0,0,1,0.5,0.5,0.5,0.5,1,
	-1,0.08317637711026708,-0.07999999999999996,0,0,1,0.5,0.5,0.5,0.5,0.5,
	1,0.07943282347242814,-0.09999999999999998,0,0,1,0.5,0.5,0.5,0.5,1,
	-1,0.08317637711026708,-0.07999999999999996,0,0,1,0.5,0.5,0.5,0.5,0.5,
	1,0.08317637711026708,-0.07999999999999996,0,0,1,0.5,0.5,0.5,0.5,1,
	-1,0.08317637711026708,-0.07999999999999996,0,0,1,0.5,0.5,0.5,0.5,0.5,
	1,0.08317637711026708,-0.07999999999999996,0,0,1,0.5,0.5,0.5,0.5,1,
	-1,0.08709635899560805,-0.05999999999999994,0,0,1,0.5,0.5,0.5,0.5,0.5,
	1,0.08317637711026708,-0.07999999999999996,0,0,1,0.5,0.5,0.5,0.5,1,
	-1,0.08709635899560805,-0.05999999999999994,0,0,1,0.5,0.5,0.5,0.5,0.5,
	1,0.08709635899560805,-0.05999999999999994,0,0,1,0.5,0.5,0.5,0.5,1,
	-1,0.08709635899560805,-0.05999999999999994,0,0,1,0.5,0.5,0.5,0.5,0.5,
	1,0.08709635899560805,-0.05999999999999994,0,0,1,0.5,0.5,0.5,0.5,1,
	-1,0.09120108393559097,-0.040000000000000036,0,0,1,0.5,0.5,0.5,0.5,0.5,
	1,0.08709635899560805,-0.05999999999999994,0,0,1,0.5,0.5,0.5,0.5,1,
	-1,0.09120108393559097,-0.040000000000000036,0,0,1,0.5,0.5,0.5,0.5,0.5,
	1,0.09120108393559097,-0.040000000000000036,0,0,1,0.5,0.5,0.5,0.5,1,
	-1,0.09120108393559097,-0.040000000000000036,0,0,1,0.5,0.5,0.5,0.5,0.5,
	1,0.09120108393559097,-0.040000000000000036,0,0,1,0.5,0.5,0.5,0.5,1,
	-1,0.09549925860214359,-0.020000000000000018,0,0,1,0.5,0.5,0.5,0.5,0.5,
	1,0.09120108393559097,-0.040000000000000036,0,0,1,0.5,0.5,0.5,0.5,1,
	-1,0.09549925860214359,-0.020000000000000018,0,0,1,0.5,0.5,0.5,0.5,0.5,
	1,0.09549925860214359,-0.020000000000000018,0,0,1,0.5,0.5,0.5,0.5,1,
	-1,0.09549925860214359,-0.020000000000000018,0,0,1,0.5,0.5,0.5,0.5,0.5,
	1,0.09549925860214359,-0.020000000000000018,0,0,1,0.5,0.5,0.5,0.5,1,
	-1,0.1,0,0,0,1,0.5,0.5,0.5,0.5,0.5,
	1,0.09549925860214359,-0.020000000000000018,0,0,1,0.5,0.5,0.5,0.5,1,
	-1,0.1,0,0,0,1,0.5,0.5,0.5,0.5,0.5,
	1,0.1,0,0,0,1,0.5,0.5,0.5,0.5,1,
	-1,0.1,0,0,0,1,0.5,0.5,0.5,0.5,0.5,
	1,0.1,0,0,0,1,0.5,0.5,0.5,0.5,1,
	-1,0.10471285480508996,0.020000000000000018,0,0,1,0.5,0.5,0.5,0.5,0.5,
	1,0.1,0,0,0,1,0.5,0.5,0.5,0.5,1,
	-1,0.10471285480508996,0.020000000000000018,0,0,1,0.5,0.5,0.5,0.5,0.5,
	1,0.10471285480508996,0.020000000000000018,0,0,1,0.5,0.5,0.5,0.5,1,
	-1,0.10471285480508996,0.020000000000000018,0,0,1,0.5,0.5,0.5,0.5,0.5,
	1,0.10471285480508996,0.020000000000000018,0,0,1,0.5,0.5,0.5,0.5,1,
	-1,0.1096478196143185,0.040000000000000036,0,0,1,0.5,0.5,0.5,0.5,0.5,
	1,0.10471285480508996,0.020000000000000018,0,0,1,0.5,0.5,0.5,0.5,1,
	-1,0.1096478196143185,0.040000000000000036,0,0,1,0.5,0.5,0.5,0.5,0.5,
	1,0.1096478196143185,0.040000000000000036,0,0,1,0.5,0.5,0.5,0.5,1,
	-1,0.1096478196143185,0.040000000000000036,0,0,1,0.5,0.5,0.5,0.5,0.5,
	1,0.1096478196143185,0.040000000000000036,0,0,1,0.5,0.5,0.5,0.5,1,
	-1,0.1148153621496883,0.06000000000000005,0,0,1,0.5,0.5,0.5,0.5,0.5,
	1,0.1096478196143185,0.040000000000000036,0,0,1,0.5,0.5,0.5,0.5,1,
	-1,0.1148153621496883,0.06000000000000005,0,0,1,0.5,0.5,0.5,0.5,0.5,
	1,0.1148153621496883,0.06000000000000005,0,0,1,0.5,0.5,0.5,0.5,1,
	-1,0.1148153621496883,0.06000000000000005,0,0,1,0.5,0.5,0.5,0.5,0.5,
	1,0.1148153621496883,0.06000000000000005,0,0,1,0.5,0.5,0.5,0.5,1,
	-1,0.12022644346174131,0.08000000000000007,0,0,1,0.5,0.5,0.5,0.5,0.5,
	1,0.1148153621496883,0.06000000000000005,0,0,1,0.5,0.5,0.5,0.5,1,
	-1,0.12022644346174131,0.08000000000000007,0,0,1,0.5,0.5,0.5,0.5,0.5,
	1,0.12022644346174131,0.08000000000000007,0,0,1,0.5,0.5,0.5,0.5,1,
	-1,0.12022644346174131,0.08000000000000007,0,0,1,0.5,0.5,0.5,0.5,0.5,
	1,0.12022644346174131,0.08000000000000007,0,0,1,0.5,0.5,0.5,0.5,1,
	-1,0.12589254117941676,0.10000000000000009,0,0,1,0.5,0.5,0.5,0.5,0.5,
	1,0.12022644346174131,0.08000000000000007,0,0,1,0.5,0.5,0.5,0.5,1,
	-1,0.12589254117941676,0.10000000000000009,0,0,1,0.5,0.5,0.5,0.5,0.5,
	1,0.12589254117941676,0.10000000000000009,0,0,1,0.5,0.5,0.5,0.5,1,
	-1,0.12589254117941676,0.10000000000000009,0,0,1,0.5,0.5,0.5,0.5,0.5,
	1,0.12589254117941676,0.10000000000000009,0,0,1,0.5,0.5,0.5,0.5,1,
	-1,0.13182567385564073,0.1200000000000001,0,0,1,0.5,0.5,0.5,0.5,0.5,
	1,0.12589254117941676,0.10000000000000009,0,0,1,0.5,0.5,0.5,0.5,1,
	-1,0.13182567385564073,0.1200000000000001,0,0,1,0.5,0.5,0.5,0.5,0.5,
	1,0.13182567385564073,0.1200000000000001,0,0,1,0.5,0.5,0.5,0.5,1,
	-1,0.13182567385564073,0.1200000000000001,0,0,1,0.5,0.5,0.5,0.5,0.5,
	1,0.13182567385564073,0.1200000000000001,0,0,1,0.5,0.5,0.5,0.5,1,
	-1,0.13803842646028852,0.14000000000000012,0,0,1,0.5,0.5,0.5,0.5,0.5,
	1,0.13182567385564073,0.1200000000000001,0,0,1,0.5,0.5,0.5,0.5,1,
	-1,0.13803842646028852,0.14000000000000012,0,0,1,0.5,0.5,0.5,0.5,0.5,
	1,0.13803842646028852,0.14000000000000012,0,0,1,0.5,0.5,0.5,0.5,1,
	-1,0.13803842646028852,0.14000000000000012,0,0,1,0.5,0.5,0.5,0.5,0.5,
	1,0.13803842646028852,0.14000000000000012,0,0,1,0.5,0.5,0.5,0.5,1,
	-1,0.1445439770745927,0.15999999999999992,0,0,1,0.5,0.5,0.5,0.5,0.5,
	1,0.13803842646028852,0.14000000000000012,0,0,1,0.5,0.5,0.5,0.5,1,
	-1,0.1445439770745927,0.15999999999999992,0,0,1,0.5,0.5,0.5,0.5,0.5,
	1,0.1445439770745927,0.15999999999999992,0,0,1,0.5,0.5,0.5,0.5,1,
	-1,0.1445439770745927,0.15999999999999992,0,0,1,0.5,0.5,0.5,0.5,0.5,
	1,0.1445439770745927,0.15999999999999992,0,0,1,0.5,0.5,0.5,0.5,1,
	-1,0.1513561248436208,0.17999999999999994,0,0,1,0.5,0.5,0.5,0.5,0.5,
	1,0.1445439770745927,0.15999999999999992,0,0,1,0.5,0.5,0.5,0.5,1,
	-1,0.1513561248436208,0.17999999999999994,0,0,1,0.5,0.5,0.5,0.5,0.5,
	1,0.1513561248436208,0.17999999999999994,0,0,1,0.5,0.5,0.5,0.5,1,
	-1,0.1513561248436208,0.17999999999999994,0,0,1,0.5,0.5,0.5,0.5,0.5,
	1,0.1513561248436208,0.17999999999999994,0,0,1,0.5,0.5,0.5,0.5,1,
	-1,0.15848931924611132,0.19999999999999996,0,0,1,0.5,0.5,0.5,0.5,0.5,
	1,0.1513561248436208,0.17999999999999994,0,0,1,0.5,0.5,0.5,0.5,1,
	-1,0.15848931924611132,0.19999999999999996,0,0,1,0.5,0.5,0.5,0.5,0.5,
	1,0.15848931924611132,0.19999999999999996,0,0,1,0.5,0.5,0.5,0.5,1,
	-1,0.15848931924611132,0.19999999999999996,0,0,1,0.5,0.5,0.5,0.5,0.5,
	1,0.15848931924611132,0.19999999999999996,0,0,1,0.5,0.5,0.5,0.5,1,
	-1,0.16595869074375605,0.21999999999999997,0,0,1,0.5,0.5,0.5,0.5,0.5,
	1,0.15848931924611132,0.19999999999999996,0,0,1,0.5,0.5,0.5,0.5,1,
	-1,0.16595869074375605,0.21999999999999997,0,0,1,0.5,0.5,0.5,0.5,0.5,
	1,0.16595869074375605,0.21999999999999997,0,0,1,0.5,0.5,0.5,0.5,1,
	-1,0.16595869074375605,0.21999999999999997,0,0,1,0.5,0.5,0.5,0.5,0.5,
	1,0.16595869074375605,0.21999999999999997,0,0,1,0.5,0.5,0.5,0.5,1,
	-1,0.17378008287493754,0.24,0,0,1,0.5,0.5,0.5,0.5,0.5,
	1,0.16595869074375605,0.21999999999999997,0,0,1,0.5,0.5,0.5,0.5,1,
	-1,0.17378008287493754,0.24,0,0,1,0.5,0.5,0.5,0.5,0.5,
	1,0.17378008287493754,0.24,0,0,1,0.5,0.5,0.5,0.5,1,
	-1,0.17378008287493754,0.24,0,0,1,0.5,0.5,0.5,0.5,0.5,
	1,0.17378008287493754,0.24,0,0,1,0.5,0.5,0.5,0.5,1,
	-1,0.18197008586099833,0.26,0,0,1,0.5,0.5,0.5,0.5,0.5,
	1,0.17378008287493754,0.24,0,0,1,0.5,0.5,0.5,0.5,1,
	-1,0.18197008586099833,0.26,0,0,1,0.5,0.5,0.5,0.5,0.5,
	1,0.18197008586099833,0.26,0,0,1,0.5,0.5,0.5,0.5,1,
	-1,0.18197008586099833,0.26,0,0,1,0.5,0.5,0.5,0.5,0.5,
	1,0.18197008586099833,0.26,0,0,1,0.5,0.5,0.5,0.5,1,
	-1,0.19054607179632474,0.28,0,0,1,0.5,0.5,0.5,0.5,0.5,
	1,0.18197008586099833,0.26,0,0,1,0.5,0.5,0.5,0.5,1,
	-1,0.19054607179632474,0.28,0,0,1,0.5,0.5,0.5,0.5,0.5,
	1,0.19054607179632474,0.28,0,0,1,0.5,0.5,0.5,0.5,1,
	-1,0.19054607179632474,0.28,0,0,1,0.5,0.5,0.5,0.5,0.5,
	1,0.19054607179632474,0.28,0,0,1,0.5,0.5,0.5,0.5,1,
	-1,0.19952623149688797,0.30000000000000004,0,0,1,0.5,0.5,0.5,0.5,0.5,
	1,0.19054607179632474,0.28,0,0,1,0.5,0.5,0.5,0.5,1,
	-1,0.19952623149688797,0.30000000000000004,0,0,1,0.5,0.5,0.5,0.5,0.5,
	1,0.19952623149688797,0.30000000000000004,0,0,1,0.5,0.5,0.5,0.5,1,
	-1,0.19952623149688797,0.30000000000000004,0,0,1,0.5,0.5,0.5,0.5,0.5,
	1,0.19952623149688797,0.30000000000000004,0,0,1,0.5,0.5,0.5,0.5,1,
	-1,0.20892961308540398,0.32000000000000006,0,0,1,0.5,0.5,0.5,0.5,0.5,
	1,0.19952623149688797,0.30000000000000004,0,0,1,0.5,0.5,0.5,0.5,1,
	-1,0.20892961308540398,0.32000000000000006,0,0,1,0.5,0.5,0.5,0.5,0.5,
	1,0.20892961308540398,0.32000000000000006,0,0,1,0.5,0.5,0.5,0.5,1,
	-1,0.20892961308540398,0.32000000000000006,0,0,1,0.5,0.5,0.5,0.5,0.5,
	1,0.20892961308540398,0.32000000000000006,0,0,1,0.5,0.5,0.5,0.5,1,
	-1,0.2187761623949553,0.3400000000000001,0,0,1,0.5,0.5,0.5,0.5,0.5,
	1,0.20892961308540398,0.32000000000000006,0,0,1,0.5,0.5,0.5,0.5,1,
	-1,0.2187761623949553,0.3400000000000001,0,0,1,0.5,0.5,0.5,0.5,0.5,
	1,0.2187761623949553,0.3400000000000001,0,0,1,0.5,0.5,0.5,0.5,1,
	-1,0.2187761623949553,0.3400000000000001,0,0,1,0.5,0.5,0.5,0.5,0.5,
	1,0.2187761623949553,0.3400000000000001,0,0,1,0.5,0.5,0.5,0.5,1,
	-1,0.22908676527677735,0.3600000000000001,0,0,1,0.5,0.5,0.5,0.5,0.5,
	1,0.2187761623949553,0.3400000000000001,0,0,1,0.5,0.5,0.5,0.5,1,
	-1,0.22908676527677735,0.3600000000000001,0,0,1,0.5,0.5,0.5,0.5,0.5,
	1,0.22908676527677735,0.3600000000000001,0,0,1,0.5,0.5,0.5,0.5,1,
	-1,0.22908676527677735,0.3600000000000001,0,0,1,0.5,0.5,0.5,0.5,0.5,
	1,0.22908676527677735,0.3600000000000001,0,0,1,0.5,0.5,0.5,0.5,1,
	-1,0.2398832919019491,0.3800000000000001,0,0,1,0.5,0.5,0.5,0.5,0.5,
	1,0.22908676527677735,0.3600000000000001,0,0,1,0.5,0.5,0.5,0.5,1,
	-1,0.2398832919019491,0.3800000000000001,0,0,1,0.5,0.5,0.5,0.5,0.5,
	1,0.2398832919019491,0.3800000000000001,0,0,1,0.5,0.5,0.5,0.5,1,
	-1,0.2398832919019491,0.3800000000000001,0,0,1,0.5,0.5,0.5,0.5,0.5,
	1,0.2398832919019491,0.3800000000000001,0,0,1,0.5,0.5,0.5,0.5,1,
	-1,0.25118864315095807,0.40000000000000013,0,0,1,0.5,0.5,0.5,0.5,0.5,
	1,0.2398832919019491,0.3800000000000001,0,0,1,0.5,0.5,0.5,0.5,1,
	-1,0.25118864315095807,0.40000000000000013,0,0,1,0.5,0.5,0.5,0.5,0.5,
	1,0.25118864315095807,0.40000000000000013,0,0,1,0.5,0.5,0.5,0.5,1,
	-1,0.25118864315095807,0.40000000000000013,0,0,1,0.5,0.5,0.5,0.5,0.5,
	1,0.25118864315095807,0.40000000000000013,0,0,1,0.5,0.5,0.5,0.5,1,
	-1,0.26302679918953814,0.41999999999999993,0,0,1,0.5,0.5,0.5,0.5,0.5,
	1,0.25118864315095807,0.40000000000000013,0,0,1,0.5,0.5,0.5,0.5,1,
	-1,0.26302679918953814,0.41999999999999993,0,0,1,0.5,0.5,0.5,0.5,0.5,
	1,0.26302679918953814,0.41999999999999993,0,0,1,0.5,0.5,0.5,0.5,1,
	-1,0.26302679918953814,0.41999999999999993,0,0,1,0.5,0.5,0.5,0.5,0.5,
	1,0.26302679918953814,0.41999999999999993,0,0,1,0.5,0.5,0.5,0.5,1,
	-1,0.2754228703338166,0.43999999999999995,0,0,1,0.5,0.5,0.5,0.5,0.5,
	1,0.26302679918953814,0.41999999999999993,0,0,1,0.5,0.5,0.5,0.5,1,
	-1,0.2754228703338166,0.43999999999999995,0,0,1,0.5,0.5,0.5,0.5,0.5,
	1,0.2754228703338166,0.43999999999999995,0,0,1,0.5,0.5,0.5,0.5,1,
	-1,0.2754228703338166,0.43999999999999995,0,0,1,0.5,0.5,0.5,0.5,0.5,
	1,0.2754228703338166,0.43999999999999995,0,0,1,0.5,0.5,0.5,0.5,1,
	-1,0.28840315031266056,0.45999999999999996,0,0,1,0.5,0.5,0.5,0.5,0.5,
	1,0.2754228703338166,0.43999999999999995,0,0,1,0.5,0.5,0.5,0.5,1,
	-1,0.28840315031266056,0.45999999999999996,0,0,1,0.5,0.5,0.5,0.5,0.5,
	1,0.28840315031266056,0.45999999999999996,0,0,1,0.5,0.5,0.5,0.5,1,
	-1,0.28840315031266056,0.45999999999999996,0,0,1,0.5,0.5,0.5,0.5,0.5,
	1,0.28840315031266056,0.45999999999999996,0,0,1,0.5,0.5,0.5,0.5,1,
	-1,0.3019951720402016,0.48,0,0,1,0.5,0.5,0.5,0.5,0.5,
	1,0.28840315031266056,0.45999999999999996,0,0,1,0.5,0.5,0.5,0.5,1,
	-1,0.3019951720402016,0.48,0,0,1,0.5,0.5,0.5,0.5,0.5,
	1,0.3019951720402016,0.48,0,0,1,0.5,0.5,0.5,0.5,1,
	-1,0.3019951720402016,0.48,0,0,1,0.5,0.5,0.5,0.5,0.5,
	1,0.3019951720402016,0.48,0,0,1,0.5,0.5,0.5,0.5,1,
	-1,0.31622776601683794,0.5,0,0,1,0.5,0.5,0.5,0.5,0.5,
	1,0.3019951720402016,0.48,0,0,1,0.5,0.5,0.5,0.5,1,
	-1,0.31622776601683794,0.5,0,0,1,0.5,0.5,0.5,0.5,0.5,
	1,0.31622776601683794,0.5,0,0,1,0.5,0.5,0.5,0.5,1,
	-1,0.31622776601683794,0.5,0,0,1,0.5,0.5,0.5,0.5,0.5,
	1,0.31622776601683794,0.5,0,0,1,0.5,0.5,0.5,0.5,1,
	-1,0.3311311214825911,0.52,0,0,1,0.5,0.5,0.5,0.5,0.5,
	1,0.31622776601683794,0.5,0,0,1,0.5,0.5,0.5,0.5,1,
	-1,0.3311311214825911,0.52,0,0,1,0.5,0.5,0.5,0.5,0.5,
	1,0.3311311214825911,0.52,0,0,1,0.5,0.5,0.5,0.5,1,
	-1,0.3311311214825911,0.52,0,0,1,0.5,0.5,0.5,0.5,0.5,
	1,0.3311311214825911,0.52,0,0,1,0.5,0.5,0.5,0.5,1,
	-1,0.34673685045253166,0.54,0,0,1,0.5,0.5,0.5,0.5,0.5,
	1,0.3311311214825911,0.52,0,0,1,0.5,0.5,0.5,0.5,1,
	-1,0.34673685045253166,0.54,0,0,1,0.5,0.5,0.5,0.5,0.5,
	1,0.34673685045253166,0.54,0,0,1,0.5,0.5,0.5,0.5,1,
	-1,0.34673685045253166,0.54,0,0,1,0.5,0.5,0.5,0.5,0.5,
	1,0.34673685045253166,0.54,0,0,1,0.5,0.5,0.5,0.5,1,
	-1,0.36307805477010135,0.56,0,0,1,0.5,0.5,0.5,0.5,0.5,
	1,0.34673685045253166,0.54,0,0,1,0.5,0.5,0.5,0.5,1,
	-1,0.36307805477010135,0.56,0,0,1,0.5,0.5,0.5,0.5,0.5,
	1,0.36307805477010135,0.56,0,0,1,0.5,0.5,0.5,0.5,1,
	-1,0.36307805477010135,0.56,0,0,1,0.5,0.5,0.5,0.5,0.5,
	1,0.36307805477010135,0.56,0,0,1,0.5,0.5,0.5,0.5,1,
	-1,0.38018939632056126,0.5800000000000001,0,0,1,0.5,0.5,0.5,0.5,0.5,
	1,0.36307805477010135,0.56,0,0,1,0.5,0.5,0.5,0.5,1,
	-1,0.38018939632056126,0.5800000000000001,0,0,1,0.5,0.5,0.5,0.5,0.5,
	1,0.38018939632056126,0.5800000000000001,0,0,1,0.5,0.5,0.5,0.5,1,
	-1,0.38018939632056126,0.5800000000000001,0,0,1,0.5,0.5,0.5,0.5,0.5,
	1,0.38018939632056126,0.5800000000000001,0,0,1,0.5,0.5,0.5,0.5,1,
	-1,0.3981071705534973,0.6000000000000001,0,0,1,0.5,0.5,0.5,0.5,0.5,
	1,0.38018939632056126,0.5800000000000001,0,0,1,0.5,0.5,0.5,0.5,1,
	-1,0.3981071705534973,0.6000000000000001,0,0,1,0.5,0.5,0.5,0.5,0.5,
	1,0.3981071705534973,0.6000000000000001,0,0,1,0.5,0.5,0.5,0.5,1,
	-1,0.3981071705534973,0.6000000000000001,0,0,1,0.5,0.5,0.5,0.5,0.5,
	1,0.3981071705534973,0.6000000000000001,0,0,1,0.5,0.5,0.5,0.5,1,
	-1,0.41686938347033553,0.6200000000000001,0,0,1,0.5,0.5,0.5,0.5,0.5,
	1,0.3981071705534973,0.6000000000000001,0,0,1,0.5,0.5,0.5,0.5,1,
	-1,0.41686938347033553,0.6200000000000001,0,0,1,0.5,0.5,0.5,0.5,0.5,
	1,0.41686938347033553,0.6200000000000001,0,0,1,0.5,0.5,0.5,0.5,1,
	-1,0.41686938347033553,0.6200000000000001,0,0,1,0.5,0.5,0.5,0.5,0.5,
	1,0.41686938347033553,0.6200000000000001,0,0,1,0.5,0.5,0.5,0.5,1,
	-1,0.4365158322401661,0.6400000000000001,0,0,1,0.5,0.5,0.5,0.5,0.5,
	1,0.41686938347033553,0.6200000000000001,0,0,1,0.5,0.5,0.5,0.5,1,
	-1,0.4365158322401661,0.6400000000000001,0,0,1,0.5,0.5,0.5,0.5,0.5,
	1,0.4365158322401661,0.6400000000000001,0,0,1,0.5,0.5,0.5,0.5,1,
	-1,0.4365158322401661,0.6400000000000001,0,0,1,0.5,0.5,0.5,0.5,0.5,
	1,0.4365158322401661,0.6400000000000001,0,0,1,0.5,0.5,0.5,0.5,1,
	-1,0.4570881896148752,0.6600000000000001,0,0,1,0.5,0.5,0.5,0.5,0.5,
	1,0.4365158322401661,0.6400000000000001,0,0,1,0.5,0.5,0.5,0.5,1,
	-1,0.4570881896148752,0.6600000000000001,0,0,1,0.5,0.5,0.5,0.5,0.5,
	1,0.4570881896148752,0.6600000000000001,0,0,1,0.5,0.5,0.5,0.5,1,
	-1,0.4570881896148752,0.6600000000000001,0,0,1,0.5,0.5,0.5,0.5,0.5,
	1,0.4570881896148752,0.6600000000000001,0,0,1,0.5,0.5,0.5,0.5,1,
	-1,0.47863009232263826,0.6799999999999999,0,0,1,0.5,0.5,0.5,0.5,0.5,
	1,0.4570881896148752,0.6600000000000001,0,0,1,0.5,0.5,0.5,0.5,1,
	-1,0.47863009232263826,0.6799999999999999,0,0,1,0.5,0.5,0.5,0.5,0.5,
	1,0.47863009232263826,0.6799999999999999,0,0,1,0.5,0.5,0.5,0.5,1,
	-1,0.47863009232263826,0.6799999999999999,0,0,1,0.5,0.5,0.5,0.5,0.5,
	1,0.47863009232263826,0.6799999999999999,0,0,1,0.5,0.5,0.5,0.5,1,
	-1,0.5011872336272722,0.7,0,0,1,0.5,0.5,0.5,0.5,0.5,
	1,0.47863009232263826,0.6799999999999999,0,0,1,0.5,0.5,0.5,0.5,1,
	-1,0.5011872336272722,0.7,0,0,1,0.5,0.5,0.5,0.5,0.5,
	1,0.5011872336272722,0.7,0,0,1,0.5,0.5,0.5,0.5,1,
	-1,0.5011872336272722,0.7,0,0,1,0.5,0.5,0.5,0.5,0.5,
	1,0.5011872336272722,0.7,0,0,1,0.5,0.5,0.5,0.5,1,
	-1,0.5248074602497725,0.72,0,0,1,0.5,0.5,0.5,0.5,0.5,
	1,0.5011872336272722,0.7,0,0,1,0.5,0.5,0.5,0.5,1,
	-1,0.5248074602497725,0.72,0,0,1,0.5,0.5,0.5,0.5,0.5,
	1,0.5248074602497725,0.72,0,0,1,0.5,0.5,0.5,0.5,1,
	-1,0.5248074602497725,0.72,0,0,1,0.5,0.5,0.5,0.5,0.5,
	1,0.5248074602497725,0.72,0,0,1,0.5,0.5,0.5,0.5,1,
	-1,0.5495408738576245,0.74,0,0,1,0.5,0.5,0.5,0.5,0.5,
	1,0.5248074602497725,0.72,0,0,1,0.5,0.5,0.5,0.5,1,
	-1,0.5495408738576245,0.74,0,0,1,0.5,0.5,0.5,0.5,0.5,
	1,0.5495408738576245,0.74,0,0,1,0.5,0.5,0.5,0.5,1,
	-1,0.5495408738576245,0.74,0,0,1,0.5,0.5,0.5,0.5,0.5,
	1,0.5495408738576245,0.74,0,0,1,0.5,0.5,0.5,0.5,1,
	-1,0.5754399373371569,0.76,0,0,1,0.5,0.5,0.5,0.5,0.5,
	1,0.5495408738576245,0.74,0,0,1,0.5,0.5,0.5,0.5,1,
	-1,0.5754399373371569,0.76,0,0,1,0.5,0.5,0.5,0.5,0.5,
	1,0.5754399373371569,0.76,0,0,1,0.5,0.5,0.5,0.5,1,
	-1,0.5754399373371569,0.76,0,0,1,0.5,0.5,0.5,0.5,0.5,
	1,0.5754399373371569,0.76,0,0,1,0.5,0.5,0.5,0.5,1,
	-1,0.6025595860743578,0.78,0,0,1,0.5,0.5,0.5,0.5,0.5,
	1,0.5754399373371569,0.76,0,0,1,0.5,0.5,0.5,0.5,1,
	-1,0.6025595860743578,0.78,0,0,1,0.5,0.5,0.5,0.5,0.5,
	1,0.6025595860743578,0.78,0,0,1,0.5,0.5,0.5,0.5,1,
	-1,0.6025595860743578,0.78,0,0,1,0.5,0.5,0.5,0.5,0.5,
	1,0.6025595860743578,0.78,0,0,1,0.5,0.5,0.5,0.5,1,
	-1,0.6309573444801932,0.8,0,0,1,0.5,0.5,0.5,0.5,0.5,
	1,0.6025595860743578,0.78,0,0,1,0.5,0.5,0.5,0.5,1,
	-1,0.6309573444801932,0.8,0,0,1,0.5,0.5,0.5,0.5,0.5,
	1,0.6309573444801932,0.8,0,0,1,0.5,0.5,0.5,0.5,1,
	-1,0.6309573444801932,0.8,0,0,1,0.5,0.5,0.5,0.5,0.5,
	1,0.6309573444801932,0.8,0,0,1,0.5,0.5,0.5,0.5,1,
	-1,0.6606934480075961,0.8200000000000001,0,0,1,0.5,0.5,0.5,0.5,0.5,
	1,0.6309573444801932,0.8,0,0,1,0.5,0.5,0.5,0.5,1,
	-1,0.6606934480075961,0.8200000000000001,0,0,1,0.5,0.5,0.5,0.5,0.5,
	1,0.6606934480075961,0.8200000000000001,0,0,1,0.5,0.5,0.5,0.5,1,
	-1,0.6606934480075961,0.8200000000000001,0,0,1,0.5,0.5,0.5,0.5,0.5,
	1,0.6606934480075961,0.8200000000000001,0,0,1,0.5,0.5,0.5,0.5,1,
	-1,0.6918309709189366,0.8400000000000001,0,0,1,0.5,0.5,0.5,0.5,0.5,
	1,0.6606934480075961,0.8200000000000001,0,0,1,0.5,0.5,0.5,0.5,1,
	-1,0.6918309709189366,0.8400000000000001,0,0,1,0.5,0.5,0.5,0.5,0.5,
	1,0.6918309709189366,0.8400000000000001,0,0,1,0.5,0.5,0.5,0.5,1,
	-1,0.6918309709189366,0.8400000000000001,0,0,1,0.5,0.5,0.5,0.5,0.5,
	1,0.6918309709189366,0.8400000000000001,0,0,1,0.5,0.5,0.5,0.5,1,
	-1,0.7244359600749902,0.8600000000000001,0,0,1,0.5,0.5,0.5,0.5,0.5,
	1,0.6918309709189366,0.8400000000000001,0,0,1,0.5,0.5,0.5,0.5,1,
	-1,0.7244359600749902,0.8600000000000001,0,0,1,0.5,0.5,0.5,0.5,0.5,
	1,0.7244359600749902,0.8600000000000001,0,0,1,0.5,0.5,0.5,0.5,1,
	-1,0.7244359600749902,0.8600000000000001,0,0,1,0.5,0.5,0.5,0.5,0.5,
	1,0.7244359600749902,0.8600000000000001,0,0,1,0.5,0.5,0.5,0.5,1,
	-1,0.758577575029184,0.8800000000000001,0,0,1,0.5,0.5,0.5,0.5,0.5,
	1,0.7244359600749902,0.8600000000000001,0,0,1,0.5,0.5,0.5,0.5,1,
	-1,0.758577575029184,0.8800000000000001,0,0,1,0.5,0.5,0.5,0.5,0.5,
	1,0.758577575029184,0.8800000000000001,0,0,1,0.5,0.5,0.5,0.5,1,
	-1,0.758577575029184,0.8800000000000001,0,0,1,0.5,0.5,0.5,0.5,0.5,
	1,0.758577575029184,0.8800000000000001,0,0,1,0.5,0.5,0.5,0.5,1,
	-1,0.7943282347242817,0.9000000000000001,0,0,1,0.5,0.5,0.5,0.5,0.5,
	1,0.758577575029184,0.8800000000000001,0,0,1,0.5,0.5,0.5,0.5,1,
	-1,0.7943282347242817,0.9000000000000001,0,0,1,0.5,0.5,0.5,0.5,0.5,
	1,0.7943282347242817,0.9000000000000001,0,0,1,0.5,0.5,0.5,0.5,1,
	-1,0.7943282347242817,0.9000000000000001,0,0,1,0.5,0.5,0.5,0.5,0.5,
	1,0.7943282347242817,0.9000000000000001,0,0,1,0.5,0.5,0.5,0.5,1,
	-1,0.8317637711026709,0.9199999999999999,0,0,1,0.5,0.5,0.5,0.5,0.5,
	1,0.7943282347242817,0.9000000000000001,0,0,1,0.5,0.5,0.5,0.5,1,
	-1,0.8317637711026709,0.9199999999999999,0,0,1,0.5,0.5,0.5,0.5,0.5,
	1,0.8317637711026709,0.9199999999999999,0,0,1,0.5,0.5,0.5,0.5,1,
	-1,0.8317637711026709,0.9199999999999999,0,0,1,0.5,0.5,0.5,0.5,0.5,
	1,0.8317637711026709,0.9199999999999999,0,0,1,0.5,0.5,0.5,0.5,1,
	-1,0.8709635899560806,0.94,0,0,1,0.5,0.5,0.5,0.5,0.5,
	1,0.8317637711026709,0.9199999999999999,0,0,1,0.5,0.5,0.5,0.5,1,
	-1,0.8709635899560806,0.94,0,0,1,0.5,0.5,0.5,0.5,0.5,
	1,0.8709635899560806,0.94,0,0,1,0.5,0.5,0.5,0.5,1,
	-1,0.8709635899560806,0.94,0,0,1,0.5,0.5,0.5,0.5,0.5,
	1,0.8709635899560806,0.94,0,0,1,0.5,0.5,0.5,0.5,1,
	-1,0.9120108393559097,0.96,0,0,1,0.5,0.5,0.5,0.5,0.5,
	1,0.8709635899560806,0.94,0,0,1,0.5,0.5,0.5,0.5,1,
	-1,0.9120108393559097,0.96,0,0,1,0.5,0.5,0.5,0.5,0.5,
	1,0.9120108393559097,0.96,0,0,1,0.5,0.5,0.5,0.5,1,
	-1,0.9120108393559097,0.96,0,0,1,0.5,0.5,0.5,0.5,0.5,
	1,0.9120108393559097,0.96,0,0,1,0.5,0.5,0.5,0.5,1,
	-1,0.9549925860214359,0.98,0,0,1,0.5,0.5,0.5,0.5,0.5,
	1,0.9120108393559097,0.96,0,0,1,0.5,0.5,0.5,0.5,1,
	-1,0.9549925860214359,0.98,0,0,1,0.5,0.5,0.5,0.5,0.5,
	1,0.9549925860214359,0.98,0,0,1,0.5,0.5,0.5,0.5,1,
	-1,0.9549925860214359,0.98,0,0,1,0.5,0.5,0.5,0.5,0.5,
	1,0.9549925860214359,0.98,0,0,1,0.5,0.5,0.5,0.5,1,
	-1,1,1,0,0,1,0.5,0.5,0.5,0.5,0.5,
	1,0.9549925860214359,0.98,0,0,1,0.5,0.5,0.5,0.5,1,
	-1,1,1,0,0,1,0.5,0.5,0.5,0.5,0.5,
	1,1,1,0,0,1,0.5,0.5,0.5,0.5,1
]